                                    "Force Report"

Forces
                          Forces (n)                                                                                                                                Coefficients                                                                                                                             
Zone                      Pressure                                      Viscous                                       Total                                         Pressure                                      Viscous                                       Total                                        
arriere_cabine            (407.03638 0 0)                               (0 0.080308664 0)                             (407.03638 0.080308664 0)                     (664.5492 0 0)                                (0 0.13111619 0)                              (664.5492 0.13111619 0)                      
arriere_camion            (81.960479 0 0)                               (0 -0.032651274 0)                            (81.960479 -0.032651274 0)                    (133.81303 0 0)                               (0 -0.053308202 0)                            (133.81303 -0.053308202 0)                   
capot                     (122.59614 -367.78843 0)                      (0.50726006 0.16908669 0)                     (123.1034 -367.61934 0)                       (200.15697 -600.4709 0)                       (0.82817968 0.27605989 0)                     (200.98515 -600.19484 0)                     
pare-brise                (308.94035 -102.98012 0)                      (0.32452905 0.97358714 0)                     (309.26488 -102.00653 0)                      (504.39241 -168.1308 0)                       (0.52984334 1.58953 0)                        (504.92225 -166.54127 0)                     
pare-buffle               (329.76901 0 0)                               (0 -0.1612429 0)                              (329.76901 -0.1612429 0)                      (538.39838 0 0)                               (0 -0.26325372 0)                             (538.39838 -0.26325372 0)                    
plancher                  (0 -1365.7659 0)                              (6.5291833 0 0)                               (6.5291833 -1365.7659 0)                      (0 -2229.8218 0)                              (10.659891 0 0)                               (10.659891 -2229.8218 0)                     
plateau                   (0 656.65175 0)                               (-0.18350557 0 0)                             (-0.18350557 656.65175 0)                     (0 1072.0845 0)                               (-0.29960093 0 0)                             (-0.29960093 1072.0845 0)                    
toit                      (0 530.53064 0)                               (-0.56066164 0 0)                             (-0.56066164 530.53064 0)                     (0 866.17248 0)                               (-0.91536594 0 0)                             (-0.91536594 866.17248 0)                    
------------------------- --------------------------------------------- --------------------------------------------- --------------------------------------------- --------------------------------------------- --------------------------------------------- ---------------------------------------------
Net                       (1250.3024 -649.35202 0)                      (6.6168052 1.0290883 0)                       (1256.9192 -648.32293 0)                      (2041.31 -1060.1666 0)                        (10.802947 1.6801442 0)                       (2052.1129 -1058.4864 0)                     

Forces - Direction Vector (1 0 0)
                          Forces (n)                                      Coefficients                                   
Zone                      Pressure        Viscous         Total           Pressure        Viscous         Total          
arriere_cabine            407.03638       0               407.03638       664.5492        0               664.5492       
arriere_camion            81.960479       0               81.960479       133.81303       0               133.81303      
capot                     122.59614       0.50726006      123.1034        200.15697       0.82817968      200.98515      
pare-brise                308.94035       0.32452905      309.26488       504.39241       0.52984334      504.92225      
pare-buffle               329.76901       0               329.76901       538.39838       0               538.39838      
plancher                  0               6.5291833       6.5291833       0               10.659891       10.659891      
plateau                   0               -0.18350557     -0.18350557     0               -0.29960093     -0.29960093    
toit                      0               -0.56066164     -0.56066164     0               -0.91536594     -0.91536594    
------------------------- --------------- --------------- --------------- --------------- --------------- ---------------
Net                       1250.3024       6.6168052       1256.9192       2041.31         10.802947       2052.1129      

Forces - Direction Vector (0 1 0)
                          Forces (n)                                      Coefficients                                   
Zone                      Pressure        Viscous         Total           Pressure        Viscous         Total          
arriere_cabine            0               0.080308664     0.080308664     0               0.13111619      0.13111619     
arriere_camion            0               -0.032651274    -0.032651274    0               -0.053308202    -0.053308202   
capot                     -367.78843      0.16908669      -367.61934      -600.4709       0.27605989      -600.19484     
pare-brise                -102.98012      0.97358714      -102.00653      -168.1308       1.58953         -166.54127     
pare-buffle               0               -0.1612429      -0.1612429      0               -0.26325372     -0.26325372    
plancher                  -1365.7659      0               -1365.7659      -2229.8218      0               -2229.8218     
plateau                   656.65175       0               656.65175       1072.0845       0               1072.0845      
toit                      530.53064       0               530.53064       866.17248       0               866.17248      
------------------------- --------------- --------------- --------------- --------------- --------------- ---------------
Net                       -649.35202      1.0290883       -648.32293      -1060.1666      1.6801442       -1058.4864     
