                                    "Force Report"

Forces
                          Forces (n)                                                                                                                                Coefficients                                                                                                                             
Zone                      Pressure                                      Viscous                                       Total                                         Pressure                                      Viscous                                       Total                                        
arriere                   (540.10099 0 0)                               (0 0.0032474398 0)                            (540.10099 0.0032474398 0)                    (881.79754 0 0)                               (0 0.0053019426 0)                            (881.79754 0.0053019426 0)                   
avant                     (254.03169 0 0)                               (0 -0.14629045 0)                             (254.03169 -0.14629045 0)                     (414.74562 0 0)                               (0 -0.23884154 0)                             (414.74562 -0.23884154 0)                    
avantremorque             (-190.66642 -3.8108659e-06 0)                 (1.002741e-08 -0.5004952 0)                   (-190.66642 -0.50049901 0)                    (-311.29212 -6.2218219e-06 0)                 (1.6371282e-08 -0.81713502 0)                 (-311.29212 -0.81714125 0)                   
bas                       (0 -2201.4168 0)                              (11.848518 0 0)                               (11.848518 -2201.4168 0)                      (0 -3594.1498 0)                              (19.344519 0 0)                               (19.344519 -3594.1498 0)                     
capot                     (78.73319 -236.19957 0)                       (-0.13536994 -0.045123314 0)                  (78.59782 -236.24469 0)                       (128.54398 -385.63195 0)                      (-0.22101215 -0.073670717 0)                  (128.32297 -385.70562 0)                     
parebrise                 (216.43044 -72.143479 0)                      (0.27100342 0.81301026 0)                     (216.70144 -71.330468 0)                      (353.35581 -117.78527 0)                      (0.44245456 1.3273637 0)                      (353.79827 -116.45791 0)                     
toit                      (0 548.48024 0)                               (-1.0195393 0 0)                              (-1.0195393 548.48024 0)                      (0 895.47795 0)                               (-1.664554 0 0)                               (-1.664554 895.47795 0)                      
toitremorque              (2.3946851e-06 2396.1835 0)                   (6.6127502 -6.6138854e-09 0)                  (6.6127526 2396.1835 0)                       (3.9096899e-06 3912.1364 0)                   (10.796327 -1.079818e-08 0)                   (10.796331 3912.1364 0)                      
------------------------- --------------------------------------------- --------------------------------------------- --------------------------------------------- --------------------------------------------- --------------------------------------------- ---------------------------------------------
Net                       (898.62989 434.90394 0)                       (17.577362 0.12434873 0)                      (916.20725 435.02829 0)                       (1467.1508 710.04725 0)                       (28.697734 0.20301834 0)                      (1495.8486 710.25027 0)                      

Forces - Direction Vector (1 0 0)
                          Forces (n)                                      Coefficients                                   
Zone                      Pressure        Viscous         Total           Pressure        Viscous         Total          
arriere                   540.10099       0               540.10099       881.79754       0               881.79754      
avant                     254.03169       0               254.03169       414.74562       0               414.74562      
avantremorque             -190.66642      1.002741e-08    -190.66642      -311.29212      1.6371282e-08   -311.29212     
bas                       0               11.848518       11.848518       0               19.344519       19.344519      
capot                     78.73319        -0.13536994     78.59782        128.54398       -0.22101215     128.32297      
parebrise                 216.43044       0.27100342      216.70144       353.35581       0.44245456      353.79827      
toit                      0               -1.0195393      -1.0195393      0               -1.664554       -1.664554      
toitremorque              2.3946851e-06   6.6127502       6.6127526       3.9096899e-06   10.796327       10.796331      
------------------------- --------------- --------------- --------------- --------------- --------------- ---------------
Net                       898.62989       17.577362       916.20725       1467.1508       28.697734       1495.8486      

Forces - Direction Vector (0 1 0)
                          Forces (n)                                      Coefficients                                   
Zone                      Pressure        Viscous         Total           Pressure        Viscous         Total          
arriere                   0               0.0032474398    0.0032474398    0               0.0053019426    0.0053019426   
avant                     0               -0.14629045     -0.14629045     0               -0.23884154     -0.23884154    
avantremorque             -3.8108659e-06  -0.5004952      -0.50049901     -6.2218219e-06  -0.81713502     -0.81714125    
bas                       -2201.4168      0               -2201.4168      -3594.1498      0               -3594.1498     
capot                     -236.19957      -0.045123314    -236.24469      -385.63195      -0.073670717    -385.70562     
parebrise                 -72.143479      0.81301026      -71.330468      -117.78527      1.3273637       -116.45791     
toit                      548.48024       0               548.48024       895.47795       0               895.47795      
toitremorque              2396.1835       -6.6138854e-09  2396.1835       3912.1364       -1.079818e-08   3912.1364      
------------------------- --------------- --------------- --------------- --------------- --------------- ---------------
Net                       434.90394       0.12434873      435.02829       710.04725       0.20301834      710.25027      
