                                    "Force Report"

Forces
                          Forces (n)                                                                                                                                Coefficients                                                                                                                             
Zone                      Pressure                                      Viscous                                       Total                                         Pressure                                      Viscous                                       Total                                        
arriere                   (1737.1378 0 0)                               (0 0.015144547 0)                             (1737.1378 0.015144547 0)                     (2836.1434 0 0)                               (0 0.024725791 0)                             (2836.1434 0.024725791 0)                    
avant                     (854.85113 0 0)                               (0 -0.42331351 0)                             (854.85113 -0.42331351 0)                     (1395.6753 0 0)                               (0 -0.69112409 0)                             (1395.6753 -0.69112409 0)                    
avantremorque             (-643.02092 -1.2852065e-05 0)                 (3.0323539e-08 -1.5135782 0)                  (-643.02092 -1.513591 0)                      (-1049.8301 -2.0982963e-05 0)                 (4.9507818e-08 -2.471148 0)                   (-1049.8301 -2.471169 0)                     
bas                       (0 -7194.5353 0)                              (36.397427 0 0)                               (36.397427 -7194.5353 0)                      (0 -11746.18 0)                               (59.424371 0 0)                               (59.424371 -11746.18 0)                      
capot                     (263.17073 -789.51218 0)                      (-0.44857616 -0.14952539 0)                   (262.72215 -789.6617 0)                       (429.66649 -1288.9995 0)                      (-0.73236924 -0.24412308 0)                   (428.93412 -1289.2436 0)                     
parebrise                 (728.55491 -242.85164 0)                      (0.75024027 2.2507208 0)                      (729.30515 -240.60092 0)                      (1189.4774 -396.49247 0)                      (1.2248821 3.6746462 0)                       (1190.7023 -392.81782 0)                     
toit                      (0 1850.4328 0)                               (-3.1816418 0 0)                              (-3.1816418 1850.4328 0)                      (0 3021.1148 0)                               (-5.1945172 0 0)                              (-5.1945172 3021.1148 0)                     
toitremorque              (7.8748732e-06 7879.9682 0)                   (16.536369 -1.653932e-08 0)                   (16.536376 7879.9682 0)                       (1.2856936e-05 12865.254 0)                   (26.998153 -2.7002971e-08 0)                  (26.998166 12865.254 0)                      
------------------------- --------------------------------------------- --------------------------------------------- --------------------------------------------- --------------------------------------------- --------------------------------------------- ---------------------------------------------
Net                       (2940.6937 1503.5019 0)                       (50.053818 0.17944826 0)                      (2990.7475 1503.6813 0)                       (4801.1325 2454.697 0)                        (81.72052 0.29297675 0)                       (4882.853 2454.99 0)                         

Forces - Direction Vector (1 0 0)
                          Forces (n)                                      Coefficients                                   
Zone                      Pressure        Viscous         Total           Pressure        Viscous         Total          
arriere                   1737.1378       0               1737.1378       2836.1434       0               2836.1434      
avant                     854.85113       0               854.85113       1395.6753       0               1395.6753      
avantremorque             -643.02092      3.0323539e-08   -643.02092      -1049.8301      4.9507818e-08   -1049.8301     
bas                       0               36.397427       36.397427       0               59.424371       59.424371      
capot                     263.17073       -0.44857616     262.72215       429.66649       -0.73236924     428.93412      
parebrise                 728.55491       0.75024027      729.30515       1189.4774       1.2248821       1190.7023      
toit                      0               -3.1816418      -3.1816418      0               -5.1945172      -5.1945172     
toitremorque              7.8748732e-06   16.536369       16.536376       1.2856936e-05   26.998153       26.998166      
------------------------- --------------- --------------- --------------- --------------- --------------- ---------------
Net                       2940.6937       50.053818       2990.7475       4801.1325       81.72052        4882.853       


Forces - Direction Vector (0 1 0)
                          Forces (n)                                      Coefficients                                   
Zone                      Pressure        Viscous         Total           Pressure        Viscous         Total          
arriere                   0               0.015144547     0.015144547     0               0.024725791     0.024725791    
avant                     0               -0.42331351     -0.42331351     0               -0.69112409     -0.69112409    
avantremorque             -1.2852065e-05  -1.5135782      -1.513591       -2.0982963e-05  -2.471148       -2.471169      
bas                       -7194.5353      0               -7194.5353      -11746.18       0               -11746.18      
capot                     -789.51218      -0.14952539     -789.6617       -1288.9995      -0.24412308     -1289.2436     
parebrise                 -242.85164      2.2507208       -240.60092      -396.49247      3.6746462       -392.81782     
toit                      1850.4328       0               1850.4328       3021.1148       0               3021.1148      
toitremorque              7879.9682       -1.653932e-08   7879.9682       12865.254       -2.7002971e-08  12865.254      
------------------------- --------------- --------------- --------------- --------------- --------------- ---------------
Net                       1503.5019       0.17944826      1503.6813       2454.697        0.29297675      2454.99        
